 
WAVENUMBER BAND:    10.00 - 2000.00 CM -1
 Number of levels:  43    Surface Temperature (K):   288.2000
 LEV   PRESSURE        FLUX UP       FLUX DOWN       NET FLUX      HEATING RATE
          MB             W/M2           W/M2           W/M2          DEG/DAY   
  42      .1000      2.586376E+02   0.000000E+00   2.586376E+02    0.000000E+00
  41      .2900      2.587120E+02   2.758631E-01   2.584362E+02   -8.949466E+00
  40      .6900      2.587450E+02   7.457613E-01   2.579992E+02   -9.218361E+00
  39     1.420       2.585366E+02   1.486872E+00   2.570498E+02   -1.097600E+01
  38     2.610       2.581368E+02   2.250025E+00   2.558868E+02   -8.247329E+00
  37     4.410       2.577433E+02   2.982426E+00   2.547608E+02   -5.279006E+00
  36     6.950       2.574267E+02   3.731685E+00   2.536951E+02   -3.541033E+00
  35    10.37        2.572600E+02   4.584381E+00   2.526756E+02   -2.515494E+00
  34    14.81        2.572001E+02   5.607016E+00   2.515931E+02   -2.057620E+00
  33    20.40        2.572063E+02   6.778719E+00   2.504276E+02   -1.759444E+00
  32    27.26        2.572887E+02   8.046873E+00   2.492419E+02   -1.458710E+00
  31    35.51        2.574665E+02   9.355638E+00   2.481108E+02   -1.156977E+00
  30    45.29        2.577643E+02   1.066146E+01   2.471028E+02   -8.697728E-01
  29    56.73        2.582209E+02   1.197456E+01   2.462464E+02   -6.318060E-01
  28    69.97        2.588269E+02   1.334786E+01   2.454790E+02   -4.890992E-01
  27    85.18        2.595054E+02   1.478885E+01   2.447165E+02   -4.230638E-01
  26   102.1         2.602117E+02   1.624184E+01   2.439699E+02   -3.735038E-01
  25   122.0         2.609986E+02   1.784552E+01   2.431531E+02   -3.448081E-01
  24   143.8         2.618446E+02   1.960418E+01   2.422404E+02   -3.533119E-01
  23   168.0         2.628346E+02   2.179513E+01   2.410394E+02   -4.203909E-01
  22   194.4         2.640889E+02   2.463452E+01   2.394543E+02   -5.064990E-01
  21   222.9         2.659441E+02   2.857160E+01   2.373725E+02   -6.147273E-01
  20   253.7         2.686516E+02   3.426157E+01   2.343900E+02   -8.179916E-01
  19   286.6         2.721993E+02   4.237231E+01   2.298270E+02   -1.170792E+00
  18   321.5         2.762504E+02   5.280512E+01   2.234452E+02   -1.543170E+00
  17   358.3         2.809577E+02   6.505838E+01   2.158993E+02   -1.731405E+00
  16   396.8         2.862123E+02   7.814260E+01   2.080697E+02   -1.714879E+00
  15   437.0         2.920197E+02   9.186795E+01   2.001518E+02   -1.664686E+00
  14   478.5         2.983429E+02   1.060878E+02   1.922551E+02   -1.602327E+00
  13   521.5         3.050183E+02   1.206267E+02   1.843915E+02   -1.546163E+00
  12   565.5         3.121796E+02   1.360358E+02   1.761438E+02   -1.579020E+00
  11   610.6         3.197008E+02   1.518293E+02   1.678715E+02   -1.549292E+00
  10   656.4         3.274888E+02   1.678804E+02   1.596085E+02   -1.521547E+00
   9   702.7         3.355545E+02   1.841126E+02   1.514419E+02   -1.488511E+00
   8   749.1         3.437027E+02   2.000053E+02   1.436974E+02   -1.408860E+00
   7   795.1         3.519432E+02   2.155873E+02   1.363559E+02   -1.347742E+00
   6   840.0         3.598870E+02   2.302126E+02   1.296743E+02   -1.256940E+00
   5   882.8         3.674802E+02   2.440958E+02   1.233844E+02   -1.238774E+00
   4   922.5         3.742365E+02   2.565867E+02   1.176497E+02   -1.220257E+00
   3   957.4         3.799487E+02   2.675947E+02   1.123540E+02   -1.277633E+00
   2   985.9         3.842120E+02   2.764071E+02   1.078049E+02   -1.349861E+00
   1  1005.          3.867052E+02   2.824586E+02   1.042467E+02   -1.535965E+00
   0  1013.          3.874054E+02   2.850611E+02   1.023442E+02   -2.053076E+00
